
darkgreys<-c("#FFFFFF",
             "#F2F2F2",
             "#E3E3E3",
             "#D5D5D5",
             "#C6C6C6",
             "#B6B6B7",
             "#A5A5A7",
             "#959596",
             "#818183",
             "#6D6D70",
             "#58585A",
             "#4F4F50",
             "#464647",
             "#3E3E3F",
             "#353535",
             "#2C2C2E",
             "#222224",
             "#1B1B1B",
             "#111111",
             "#080808",
             "#000000")

reds<-c("#FFFFFF",
        "#FEF2F2",
        "#FFE3E4",
        "#FAD5D6",
        "#F9C6C7",
        "#F7B7B7",
        "#F5A6A6",
        "#F49595",
        "#F28282",
        "#F06E6F",
        "#EE5859",
        "#D64F50",
        "#BE4647",
        "#A73E3E",
        "#8F3535",
        "#772B2C",
        "#5F2324",
        "#471A1A",
        "#301212",
        "#170A0A",
        "#000000")
